# R script for Peak Model
#  -- generated by MACS
p <- c(0.01474272556555093,0.01743723458777835,0.020002259194749985,0.022573449726257615,0.025224797276733105,0.025465268333636697,0.02594004452290789,0.026131188183523564,0.026507309580218925,0.026649125844546685,0.027154731656497823,0.027179395354641783,0.027771324110096775,0.028147445506792136,0.028283095846583905,0.028794867583071034,0.02873320833771114,0.029294307470486187,0.02961493554635764,0.03013287320738076,0.03037951018882034,0.03076796343458768,0.030866618227163512,0.031464712907154496,0.031803838756633916,0.031976484643641626,0.03237726973848094,0.03266090226713646,0.032956866644863955,0.033154176230015625,0.033406979135991194,0.033474804305887076,0.033616620570214834,0.03331449026795135,0.03373377313639864,0.034005073815982174,0.03397424419330223,0.033795432381758535,0.03397424419330223,0.034116060457629986,0.034116060457629986,0.03452917740154128,0.03470798921308498,0.03496079211906055,0.03514576985514024,0.03513343800606825,0.03572536676152325,0.035996667441106786,0.03631112959244225,0.03676124208356949,0.03697088351779313,0.03745799155613631,0.037710794462111875,0.03789577219819156,0.03829039136849489,0.03852469650086249,0.03866651276519025,0.038974808991989726,0.03921528004889332,0.03946808295486889,0.039875033974244196,0.03992436137053211,0.0401093391066118,0.04052862197505908,0.04082458635278658,0.041108218881442095,0.041108218881442095,0.041324026240201726,0.04160765876885725,0.04179880242947292,0.041983780165552605,0.04212559642988037,0.042390731184927914,0.042865507374199106,0.043161471751926604,0.04361775016758983,0.04399387156428519,0.04439465665912451,0.04476461213128388,0.04490026247107565,0.04546752752838668,0.0456956667362183,0.04604095851023371,0.046349254737033184,0.0463985821333211,0.046688380586512604,0.047354300436399474,0.04767492851227093,0.04770575813495088,0.04840250760751769,0.04856898756998941,0.04917941409905237,0.04971584953368346,0.04993165689244309,0.0501043027794508,0.050307778289138454,0.05048659010068215,0.05097369813902532,0.05124499881860886,0.05128816029036078,0.051781434253239944,0.05160878836623224,0.0516889453852001,0.052317869687871034,0.0525151792730227,0.05290979844332603,0.0531626013493016,0.053433902028885136,0.05400116708619617,0.05413681742598794,0.05445127957732341,0.055166526823498194,0.055789285201633135,0.05607908365482464,0.05697930863707911,0.05738009373191843,0.057861035845725606,0.05807067727994925,0.05797818841190941,0.05861944456365232,0.05856395124282841,0.05913121630013945,0.05913738222467544,0.05931002811168314,0.059661485810234546,0.05998827981064199,0.05994511833889007,0.060808347773928594,0.06168390905803911,0.06203536675659051,0.06289243026709306,0.06326855166378842,0.06386664634377939,0.06438458400480251,0.06440924770294647,0.06479153502417782,0.06539579562870479,0.06558077336478448,0.06598772438415978,0.06637617762992713,0.06645016872435901,0.06662281461136671,0.06698660415899009,0.0669742723099181,0.06756003514083711,0.06764635808434097,0.0681026365000042,0.06831227793422784,0.0683924349531957,0.06842943050041164,0.0688672111424669,0.0690953503502985,0.06931115770905814,0.06997091163440902,0.07040252635192829,0.071154769145319,0.07166654088180613,0.07197483710860561,0.07273941175106831,0.07359030933703486,0.07424389733784975,0.07524894303721603,0.07608750877411062,0.07631564798194222,0.07682741971842935,0.07748100771924425,0.07776464024789977,0.0783319053052108,0.07867103115469022,0.07912114364581746,0.07936161470272105,0.0798610545901362,0.08005219825075187,0.08082910474228655,0.08126071945980581,0.08142103349774155,0.08193897115876467,0.08216711036659628,0.08219177406474024,0.08287002576369908,0.08322764938678648,0.08317215606596257,0.0833879634247222,0.08349895006637001,0.08386890553852938,0.08484312161521572,0.08517608154015915,0.08577417622015014,0.08689020856116425,0.0870875181463159,0.08812339346836215,0.08882014294092896,0.08954155611163973,0.09026296928235052,0.09042944924482223,0.09052810403739806,0.09095971875491732,0.09159480898212424,0.09132350830254071,0.0914406608687245,0.09159480898212424,0.09189077335985174,0.09251969766252267,0.09289581905921804,0.09363573000353677,0.09400568547569614,0.09508472226949431,0.09537452072268582,0.09639189827112409,0.09714414106451481,0.09705165219647496,0.0977360698199698,0.09805053197130527,0.09827867117913688,0.09837732597171271,0.09880277476469598,0.09891992733087979,0.09954885163355072,0.1000297937473579,0.10024560110611754,0.10077587061621263,0.10118898756012393,0.1018487414854748,0.10252082725989767,0.10348887741204801,0.10424728612997473,0.10448159126234233,0.1047343941683179,0.10535715254645284,0.10606623386809164,0.10671365594437053,0.10655334190643481,0.10722542768085766,0.10801466602146433,0.10797767047424839,0.10855110145609541,0.10964863602350154,0.11028372625070847,0.1106228521001879,0.11117161938389096,0.11151074523337037,0.11277475976324823,0.11300906489561582,0.11321254040530349,0.11334202482055926,0.1133235270469513,0.11332969297148729,0.11339135221684718,0.11381680100983045,0.11415592685930988,0.11464920082218905,0.11477868523744482,0.11482801263373274,0.11446422308610936,0.11571590576691523,0.11620917972979439,0.11640032339041007,0.1172018935800887,0.11778149048647171,0.11816377780770307,0.11870021324233415,0.11889135690294983,0.11945862196026086,0.12050682913137908,0.12072880241467471,0.12128373562291377,0.12177084366125693,0.1219619873218726,0.12207297396352042,0.12262174124722348,0.12309651743649468,0.12401524019235712,0.12459483709874013,0.12544573468470668,0.12577252868511413,0.12577252868511413,0.12626580264799328,0.1269625521205601,0.12781961563106264,0.12832522144301378,0.12871367468878112,0.12879999763228497,0.12994685959597904,0.13016883287927464,0.13042163578525023,0.1312602015221448,0.13241322941037484,0.13253038197655864,0.1327276915617103,0.13271535971263831,0.13333811809077326,0.13393621277076426,0.13404103348787608,0.13479327628126678,0.1354900257538336,0.13642724628330402,0.13668621511381557,0.13751861492617415,0.13833868288946075,0.13968902036284248,0.1404289313071612,0.14074339345849668,0.14064473866592084,0.14020695802386557,0.14039193575994527,0.14053991794880902,0.14090370749643238,0.14136615183663162,0.1407803890057126,0.1409592008172563,0.14055841572241698,0.1409653667417923,0.14132915628941567,0.14177310285600692,0.14232803606424596,0.1424883501021817,0.14211839463002232,0.1417854347050789,0.14240819308321384,0.14233420198878197,0.14334541361268424,0.14373386685845158,0.1438386875755634,0.14410998825514695,0.14394967421721122,0.14379552610381147,0.1439620060662832,0.1444861096518423,0.14515819542626515,0.1457254604835762,0.14603375671037566,0.14643454180521498,0.14650236697511088,0.1469524794662381,0.14803151626003627,0.14829048509054785,0.1484323013548756,0.14805001403364423,0.14776638150498872,0.14735943048561342,0.14703263648520598,0.14696481131531008,0.14729777124025353,0.14774171780684478,0.14740259195736535,0.14735326456107742,0.14788969999570853,0.14808084365632418,0.14788353407117252,0.14833364656229975,0.14818566437343603,0.14847546282662752,0.14899956641218662,0.1488454182987869,0.1493140285635221,0.15044855867814416,0.1502450831684565,0.15109598075442307,0.15194071241585363,0.15203936720842945,0.15224900864265312,0.1520147035102855,0.15194071241585363,0.15211335830286132,0.15175573467977393,0.15174340283070195,0.15257580264306056,0.15228600418986904,0.15251414339770064,0.15241548860512483,0.15282243962450012,0.15317389732305153,0.1533588750591312,0.15338970468181115,0.1541851089469538,0.15428992966406563,0.15424060226777772,0.15483253102323272,0.15493118581580853,0.1554984508731196,0.15574508785455915,0.15579441525084708,0.1559547292887828,0.15682412464835732,0.15652199434609385,0.15664531283681363,0.15732356453577248,0.15802647993287527,0.15782917034772362,0.1580079821592673,0.15814363249905908,0.15837793763142669,0.15905618933038554,0.15892053899059375,0.1596049566140886,0.15933365593450505,0.15891437306605777,