# R script for Peak Model
#  -- generated by MACS
p <- c(0.016122077793499764,0.018817376702148732,0.021612106927585806,0.02427544577012431,0.027251283036854004,0.02735071435364211,0.02725838527376744,0.027425287841233187,0.02787983100369309,0.02818522719097084,0.028234942849364893,0.028394743179917203,0.028462214430594844,0.028959371014535367,0.02888124640848757,0.029012637791386138,0.029215051543419062,0.029467180953846043,0.029534652204523684,0.02973706595655661,0.030102831157598566,0.030287489317347902,0.030429534055616624,0.030518312017034574,0.03091603728418699,0.03139543827584392,0.0316475676862709,0.031796714661453056,0.0317860613060829,0.032002679531942704,0.032194439928605476,0.03244656933903245,0.03285849908001174,0.032869152435381896,0.03309642401661185,0.03313903743809246,0.03332014447938508,0.03375338093110468,0.03413335060597351,0.03435707106874674,0.03453107587312593,0.03495721008793209,0.03538334430273825,0.03591601207124595,0.036011892269577336,0.03624981720617744,0.036448679839753646,0.036359901878335696,0.03630308398302821,0.03653035556425816,0.036683053657897036,0.03670436036863735,0.03679668944851201,0.036771831619314986,0.03707367668813602,0.037123392346530074,0.03756728215361982,0.03786912722244085,0.038327221503357475,0.038767560191990506,0.039151080985316056,0.03959852191086252,0.0398293446105492,0.039882611387399965,0.04003886059949556,0.04026968329918223,0.04020931428541802,0.04068161304016152,0.04097990699052583,0.040876924555281004,0.041114849491881114,0.041320814362370756,0.04140604120533199,0.04207720259365169,0.04215532719969949,0.04250333680845785,0.042950777734004325,0.04307151576153274,0.043607734648497154,0.044023215507933165,0.04428244715527358,0.04444224748582589,0.044829319397608154,0.04504593762346795,0.04563897440573986,0.04586269486851309,0.04614678434505053,0.046530305138376075,0.046825047970283674,0.04708427961762409,0.04715175086830173,0.04750686271397353,0.04762404962304523,0.047751889887487076,0.04822773976068729,0.04840174456506647,0.04882787877987263,0.04878526535839201,0.04857574936944565,0.04887759443826668,0.04963398266954762,0.04979023188164321,0.050418779848482295,0.05061054024514507,0.05050400669144353,0.05095144761699,0.05112190130291246,0.05160485341302611,0.05236124164430705,0.05287615382053116,0.05283709151750726,0.0531602432970686,0.05339106599675527,0.05389532481760923,0.05427174337402134,0.054776002194875294,0.05494645588079776,0.05548267476776218,0.05554659489998311,0.05576676424429962,0.05616448951145204,0.05649829464638353,0.05681789530748815,0.05739317649747647,0.057904537555243864,0.05813536025493053,0.058753254866399464,0.05898052644762942,0.05927882039799373,0.0595487054007043,0.05971560796817005,0.06044003613334052,0.06056787639778237,0.0610472773894393,0.061320713510606584,0.0617575010807829,0.06224400430935327,0.0625458493781743,0.06312113056816261,0.06365734945512704,0.06420422169746161,0.064300101895793,0.06495705881028582,0.06528021058984716,0.06556430006638461,0.06605435441341169,0.06624611481007446,0.06673972027555827,0.06717650784573459,0.0678299136417707,0.0684833194378068,0.06895916931100703,0.06933913898587585,0.06953089938253862,0.07021271412622848,0.07063884834103465,0.07127804966324389,0.0717148372334202,0.07205574460526513,0.07220489158044728,0.07279437724426248,0.07308201783925664,0.07351525429097623,0.07410118883633471,0.0743959316682423,0.07476169686928426,0.07530146687470539,0.07611467300129382,0.07661538070369106,0.07711253728763158,0.07754577373935118,0.07809619710014247,0.07873184730389499,0.0787744607253756,0.07939590645530126,0.07950954224591623,0.07949533777208936,0.07962317803653121,0.07986820521004476,0.08026948159565389,0.08066010462589286,0.08128510147427524,0.08152657752933207,0.08241435714351156,0.08301094504424018,0.0838206000523719,0.08479715762796934,0.08543635895017859,0.0862069516552864,0.08656561461941492,0.08645197882879994,0.08667569929157318,0.08708052679563903,0.08750310989198846,0.08792214186988119,0.08833762272931721,0.08879571701023382,0.08928932247571764,0.08982554136268205,0.09066005420001078,0.09138448236518125,0.09189229230449193,0.09242851119145636,0.09243206230991306,0.09250308467904743,0.09318489942273729,0.09313518376434324,0.09322396172576118,0.09324171731804477,0.09339441541168365,0.09421827489364222,0.09490008963733208,0.09547892194577712,0.09627082136162524,0.09696328946068525,0.0969135738022912,0.09724027670030926,0.0979398470362827,0.09871043974139052,0.09954140146026252,0.09979708198914622,0.10009537593951054,0.10043983442981218,0.10089437759227209,0.10130985845170809,0.10166852141583661,0.10268769241291469,0.10276226590050576,0.10334820044586424,0.10330913814284033,0.10395189058350629,0.10448455835201399,0.1046834209855902,0.10517347533261728,0.10564222296890406,0.10653000258308357,0.10686380771801506,0.10779420075367517,0.10821678385002462,0.10929987497932361,0.10964788458808197,0.11017700123813295,0.11108963868150949,0.11151577289631565,0.11197031605877555,0.1125704550779609,0.11301079376659394,0.11339786567837619,0.1136357906149763,0.11357897271966881,0.11374587528713456,0.11404416923749887,0.114445445623108,0.11518762938056207,0.11541490096179202,0.11583393293968475,0.11624941379912075,0.11670040584312394,0.1173218515730496,0.11774088355094232,0.11857539638827105,0.1189979794846205,0.11963362968837302,0.11974016324207457,0.12051075594718237,0.12128845088920362,0.1218956921453024,0.12213006596344578,0.12258460912590569,0.1233374462387299,0.1237103136766853,0.124242981445193,0.12444184407876921,0.12500647191338737,0.1253473792852323,0.12557465086646225,0.1261357275826237,0.1267678266679195,0.12722947206729285,0.12736441456864814,0.12794324687709316,0.12825219418282763,0.1288026175436189,0.12930687636447288,0.1300028955819896,0.12992832209439853,0.1302337182816763,0.13067760808876602,0.13103627105289456,0.1317749036918919,0.13197021520701138,0.1328793015319312,0.13307461304705068,0.1334545827219195,0.13366054759240917,0.1345554294435021,0.13527275537175915,0.1357379518895892,0.1362138017627894,0.13645527781784622,0.1366861005175329,0.13710513249542564,0.13771592486998113,0.13768396480387066,0.1381669169139843,0.13817046803244104,0.1380852411894798,0.13836577954756052,0.13844390415360833,0.13868893132712187,0.1390511454097071,0.1390511454097071,0.1391292700157549,0.1397258579164835,0.13971520456111336,0.14018750331585686,0.1408053979273258,0.14097940273170498,0.1415759906324336,0.14198081813649946,0.1423465833375414,0.1431917495302403,0.14374927512794503,0.14414700039509745,0.14450921447768267,0.14464415697903796,0.14469387263743202,0.14532952284118453,0.1452407448797666,0.1451235579706949,0.14587994620197584,0.14533662507809797,0.1455035276455637,0.1458550883727788,0.14644102291813726,0.1469168727913375,0.14666119226245378,0.14648008522116118,0.14701275298966887,0.14750280733669596,0.14745664279675863,0.14795379938069914,0.14807808852668428,0.1481029463558813,0.14811004859279475,0.14848646714920685,0.14927481544659824,0.14990336341343732,0.15034725322052708,0.1505638714463869,0.15080889861990043,0.1507662851984198,0.1512598906639036,0.15180676290623818,0.15219028369956372,0.15222934600258764,0.15245306646536086,0.152463719820731,0.1527016447573311,0.15324141476275227,0.15339056173793442,0.15419311450915268,0.15429964806285423,0.15470092444846337,0.15483231583136192,0.15550347721968164,0.155436005969004,0.15592606031603107,0.1559473670267714,0.15568813537943096,0.1562847232801596,0.15594026478985795,0.15618174084491476,0.15624921209559242,0.15665048848120156,0.1566007728228075,0.1572719342111272,0.15759863710914526,0.1575240636215542,0.15821298060215747,0.1579217888887066,0.1585751946847427,0.1585893991585696,0.15905814679485636,0.15906169791331307,0.159402605285158,0.15957305897108048,0.15902973784720262,0.15961567239256108,0.15972220594626263,0.16055316766513464,0.1605425143097645,0.16095444405074377,0.16085501273395567,0.16143739616085742,0.16170373004511127,0.16165756550517393,0.16204108629849948,